[5096000000,
4785000000,
4215000000,
4538000000,
5295000000,
4713000000,
4496000000,
5906000000,
4532000000,
4376000000,
3993000000,
4623000000,
4313000000,
4746000000,
4985000000,
5116000000,
5774000000,
5500000000,
4474000000,
5576000000,
4751000000,
5190000000,
5014000000,
5096000000,
4324000000,
4739000000,
4889000000,
5235000000,
5594000000,
5964000000,
5651000000,
5273000000,
5865000000,
4999000000,
5947000000,
5008000000,
5627000000,
5742000000,
5208000000,
5394000000,
5256000000,
5247000000,
5602000000,
5574000000,
5762000000,
4828000000,
5061000000,
5446000000,
5323000000,
3963000000,
4182000000,
3815000000,
3868000000,
4758000000,
4485000000,
4063000000,
4421000000,
4172000000,
4131000000,
4035000000,
4256000000,
4191000000,
5122000000,
4307000000,
4631000000,
4901000000,
5100000000,
5314000000,
4759000000,
5311000000,
4567000000,
5626000000,
4787000000,
5532000000,
5514000000,
5533000000,
5229000000,
5362000000,
5854000000,
5702000000,
5864000000,
5710000000,
5152000000,
5465000000,
4813000000,
5056000000,
4938000000,
4806000000,
4958000000,
4627000000,
4357000000,
5092000000,
4831000000,
4744000000,
5729000000,
5245000000,
4570000000,
4342000000,
4474000000,
5338000000]